526
578
932
784
568
552
608
802
840
562
566
656
532
560
496
578
704
618
616
652
718
646
696
720
794
696
626
712
630
874
622
690
544
630
564
940
714
838
1390
502
940
680
632
610
666
702
662
790
780
650
532
508
614
670
582
620
896
660
452
546
606
742
592
786
574
616
864
484
588
900
694
670
754
758
1028
1076
1430
936
924
626
792
954
1002
818
604
1002
456
706
740
690
690
448
938
1086
678
706
648
920
1368
842
952
788
638
588
642
566
752
1328
1480
624
700
670
606
692
1058
616
628
940
578
530
522
570
640
974
610
550
594
1060
714
928
522
1010
716
1034
700
522
1118
1302
872
586
680
654
662
824
678
944
866
640
688
1100
532
892
410
346
748
660
630
792
600
742
1342
882
1028
686
526
1142
2192
670
664
808
418
1012
790
588
918
804
448
710
466
478
452
660
722
598
642
644
510
328
1342
622
782
1218
586
778
602
1232
850
880
1210
644
1304
970
532
612
432
618
1088
1112
538
1010
858
442
996
588
526
566
1044
440
696
184
428
480
686
452
382
542
732
870
478
682
552
864
934
520
676
444
616
732
862
438
622
532
436
624
886
1090
788
554
840
714
638
794
482
600
608
340
604
794
1084
472
956
534
706
694
840
690
338
1058
1296
442
458
544
698
712
592
606
510
636
936
448
374
502
2498
804
740
598
748
830
594
480
584
498
976
570
848
508
506
640
762
710
560
618
430
672
370
608
618
658
1062
814
662
594
668
488
814
530
808
550
696
940
1398
532
482
780
442
902
676
874
622
658
540
606
520
812
648
652
496
554
434
774
454
1076
924
750
790
666
400
696
780
562
506
542
762
710
550
836
920
744
894
1008
1020
652
966
642
670
470
798
632
726
940
598
712
842
666
494
1010
564
890
466
802
624
548
748
880
760
634
600
710
726
762
808
1118
602
532
684
1302
388
482
570
722
626
908
458
578
580
536
798
382
490
562
730
606
640
490
542
678
546
662
558
552
380
918
846
462
618
780
414
510
1028
848
568
550
956
554
506
432
926
1058
420
666
602
384
822
938
586
584
854
808
690
980
530
518
448
718
672
856
804
322
444
976
434
582
844
558
902
498
666
944
714
806
1020
1004
896
1146
544
512
724
948
582
682
728
786
622
490
444
500
914
816
674
448
606
698
856
574
724
568
698
600
414
776
638
476
1404
652
942
382
858
1218
602
726
1316
1292
822
590
908
930
788
806
604
462
410
274
694
880
534
892
836
596
1042
900
788
626
524
760
670
786
440
528
488
376
886
718
536
556
534
374
402
612
484
704
508
1124
816
618
438
1074
564
804
992
996
790
622
420
942
474
546
852
832
608
634
874
1250
590
658
712
428
1158
658
1214
428
900
592
602
760
554
728
804
530
726
932
454
528
784
396
776
922
708
602
568
192
838
748
776
566
528
454
682
710
650
864
1168
834
574
566
714
824
836
766
860
650
708
616
550
706
660
1074
656
486
784
712
466
624
414
464
766
506
520
430
1068
1050
596
632
482
1410
382
1148
454
676
762
686
576
612
328
564
608
584
456
658
742
540
736
672
622
720
836
506
714
636
716
862
568
840
714
568
688
420
578
834
906
584
480
558
708
952
574
772
990
612
706
644
606
1054
526
500
422
982
474
822
1084
1042
412
534
624
416
472
1278
514
1110
756
752
656
714
840
594
1626
558
1262
346
974
632
888
862
2880
552
960
748
474
1058
746
1296
604
756
494
444
582
348
362
1096
1084
1062
1144
458
808
438
530
356
856
520
904
616
850
326
566
746
902
736
1036
546
632
822
502
680
926
636
822
834
746
692
776
512
836
770
508
612
638
804
408
550
1386
982
584
666
838
694
572
436
1406
372
536
878
504
640
2498
618
1102
188
394
696
786
954
540
740
588
518
1044
916
228
560
808
644
968
300
358
1148
822
926
714
488
550
668
582
762
666
536
316
430
1140
624
450
1244
842
504
732
716
616
358
1224
788
1042
438
594
830
1144
590
562
492
442
1048
598
372
476
458
606
506
1046
560
494
684
582
710
658
552
1398
762
448
478
680
714
458
778
760
908
508
636
846
794
634
832
654
868
482
594
746
732
824
804
384
424
632
532
1062
756
494
630
586
956
550
536
532
440
514
538
334
758
662
864
642
806
644
446
372
636
412
600
314
444
736
686
442
564
798
978
414
938
408
642
730
620
858
692
684
498
672
434
482
588
502
490
398
436
426
398
412
864
430
458
840
656
524
474
546
528
450
658
840
478
470
516
706
540
508
516
642
952
920
472
704
598
726
542
482
594
552
616
520
496
654
628
578
678
548
514
508
606
1426
1182
754
516
728
616
602
682
632
604
556
744
622
594
546
592
404
554
670
702
580
628
580
572
692
858
566
452
650
474
572
656
744
926
952
518
534
668
758
624
598
812
592
574
604
654
448
940
676
514
480
856
1048
502
650
832
724
632
836
884
662
468
590
408
840
904
846
788
874
718
434
698
760
348
800
736
710
662
672
690
498
886
642
424
600
888
862
1414
1132
888
768
774
800
532
598
928
906
636
510
656
1392
740
818
920
404
506
572
746
756
1090
494
372
932
466
692
482
558
494
544
374
616
1548
730
724
762
872
484
560
626
640
652
758
772
484
602
664
186
464
476
580
658
692
354
380
326
266
984
554
324
862
508
502
674
442
598
412
286
680
622
818
366
194
848
756
526
578
184
404
832
872
160
632
656
654
582
428
334
452
574
634
422
776
860
438
804
508
528
844
614
972
530
854
794
904
1094
604
452
1092
454
696
416
512
522
1356
1796
532
294
700
670
568
278
694
334
622
464
436
396
546
1410
676
372
190
554
380
730
342
400
666
866
548
512
600
738
480
556
694
622
752
602
368
396
374
546
698
534
680
452
934
362
804
540
464
444
908
372
434
440
570
542
398
864
348
274
606
504
538
730
824
700
698
486
832
956
766
634
814
428
604
552
554
506
336
570
274
1018
458
756
584
444
370
498
466
1022
596
642
440
456
524
476
458
448
550
658
530
458
308
734
840
670
668
550
542
618
524
812
608